012533 45.5563767 -122.5327623
02807 41.1616556 -71.5842643
02879 41.4255848 -71.53678599999999
06001 41.7918396 -72.86336349999999
06010 41.6750889 -72.92243289999999
06105 41.77210609999999 -72.70380469999999
06109 41.704688 -72.6742455
06320 41.3631426 -72.106068
06360 41.5532772 -72.0823688
06385 41.3512901 -72.1534606
06405 41.27613789999999 -72.79246119999999
06410 41.5083668 -72.9106202
06413 41.2943477 -72.53231389999999
06422 41.4526074 -72.6742455
06437 41.3395325 -72.6978931
06441 41.4689045 -72.5914616
06443 41.3595873 -72.63877
06450 41.5254822 -72.7688226
06457 41.5460323 -72.6505957
06460 41.2220944 -73.0464309
06473 41.3844409 -72.86336349999999
06475 41.2915709 -72.3903053
06477 41.2731243 -73.0287209
06484 41.3104378 -73.1467619
06488 41.4849269 -73.2057595
06492 41.45930389999999 -72.7806422
06498 41.3027229 -72.4613191
06510 41.3052226 -72.92686259999999
06511 41.3212912 -72.9283391
06512 41.27110200000001 -72.88699299999999
06514 41.3757828 -72.9342451
06515 41.3266814 -72.9637728
06516 41.2681575 -72.9637728
06517 41.3469288 -72.9047136
06518 41.4305881 -72.9106202
06519 41.2958246 -72.937198
06525 41.3475759 -73.0051055
06611 41.2509354 -73.2057595
06776 41.5908094 -73.3944466
06790 41.8269891 -73.1585626
06795 41.6182645 -73.1231585
06830 41.0670166 -73.6182979
06840 41.1674509 -73.5005111
06880 41.1270095 -73.3590802
